,damage_percentage
0,0.075
1,0.075
2,0.075
3,0.015
4,0.075
5,0.03
6,0.03
7,0.075
8,0.015
9,0.03
10,0.05
11,0.05
12,0.03
13,0.05
14,0.03
15,0.1
16,0.075
17,0.015
18,0.075
19,0.015
20,0.075
21,0.015
22,0.03
23,0.075
24,0.015
25,0.05
26,0.015
27,0.05
28,0.015
29,0.03
30,0.1
31,0.015
32,0.075
33,0.03
34,0.1
35,0.03
36,0.03
37,0.1
38,0.1
39,0.1
40,0.1
41,0.015
42,0.03
43,0.075
44,0.075
45,0.1
46,0.03
47,0.03
48,0.03
49,0.015
50,0.075
51,0.03
52,0.015
53,0.03
54,0.015
55,0.015
56,0.05
57,0.015
58,0.1
59,0.015
60,0.05
61,0.015
62,0.05
63,0.1
64,0.075
65,0.1
66,0.03
67,0.05
68,0.075
69,0.1
70,0.075
71,0.015
72,0.03
73,0.03
74,0.03
75,0.075
76,0.03
77,0.1
78,0.1
79,0.075
80,0.1
81,0.03
82,0.075
83,0.075
84,0.03
85,0.05
86,0.015
87,0.075
88,0.1
89,0.075
90,0.015
91,0.1
92,0.015
93,0.03
94,0.03
95,0.05
96,0.015
97,0.1
98,0.015
99,0.075
100,0.075
101,0.03
102,0.015
103,0.1
104,0.1
105,0.015
106,0.03
107,0.05
108,0.075
109,0.1
110,0.1
111,0.075
112,0.075
113,0.1
114,0.03
115,0.1
116,0.075
117,0.1
118,0.05
119,0.015
120,0.1
121,0.075
122,0.075
123,0.05
124,0.1
125,0.015
126,0.075
127,0.015
128,0.015
129,0.075
130,0.05
131,0.075
132,0.015
133,0.015
134,0.05
135,0.075
136,0.015
137,0.05
138,0.05
139,0.075
140,0.015
141,0.03
142,0.015
143,0.05
144,0.075
145,0.1
146,0.015
147,0.1
148,0.1
149,0.05
