,s2,s3,s4
0,0.016554158111416833,0.053979614131064266,0.028219174617253297
1,0.017274236525100226,0.054672239291425555,0.028715083445480336
2,0.01732526267374712,0.05447427420299999,0.028163205271898185
3,0.019204417689925132,0.073654856513275,0.018538829218085466
4,0.016410461334839276,0.052210131501072184,0.02907407141168176
5,0.025829666844649334,0.0729096722639776,0.02504881266551076
6,0.02430950859557705,0.07170921018324182,0.02439416498301196
7,0.015685433926721854,0.05406965534664503,0.02892231887717171
8,0.01977631322650818,0.07372088936999942,0.018598190472498832
9,0.02306944191351111,0.07150616552285932,0.023074000764982606
10,0.022045713045476305,0.050354833833891464,0.025033885738603084
11,0.02274504300679376,0.049655458969927034,0.024901480787329684
12,0.02295457014024561,0.07261757835852668,0.02439730065396712
13,0.022201258751974602,0.051781804613480246,0.024880271633105844
14,0.022931356965706556,0.0721221694617815,0.02380291010607165
15,0.014620696977033203,0.05821821084519898,0.025472687232505238
16,0.015632773150151446,0.05421641928643501,0.028709495451085552
17,0.022772682612393805,0.07467008136037892,0.018672431998910034
18,0.014647388060360587,0.05483136477229947,0.029571945704211906
19,0.019701017633137762,0.07366130953252738,0.018791512563004393
20,0.02117842299991679,0.05204116855299845,0.02755036584774836
21,0.019651527027441378,0.07382144860358499,0.018709883734795082
22,0.023075102399649487,0.0723739959129425,0.024574920075570234
23,0.016089301188368963,0.054605700737096495,0.02857560043263598
24,0.019740524436112072,0.0735145528280066,0.018970481365105457
25,0.021223652762281917,0.04971951737717225,0.024735829177996722
26,0.02121585055209985,0.07421903831492427,0.018460714249213837
27,0.021145146135885688,0.04963436556862342,0.02464062515852973
28,0.022109062975730117,0.07452821813644882,0.01876112688797514
29,0.02309193647730621,0.07220881689269382,0.023243948566702182
30,0.014233289324216922,0.05675421835532585,0.02762622287732415
31,0.021282045465304864,0.07433772881923212,0.018841669206488148
32,0.012878838600490543,0.05407446503838027,0.029467144250155505
33,0.022707463770102073,0.07202618848875879,0.023894477806453533
34,0.013756059462273727,0.05594066943751373,0.031283275180877514
35,0.022742539859196418,0.072253238198613,0.02347594762255613
36,0.023179093099069722,0.07257234696042622,0.02401163572207626
37,0.01562883848507748,0.0584186672784198,0.02655333877138231
38,0.01342013677149803,0.05731518907965154,0.02638875395400264
39,0.015428602590667351,0.058336584944843145,0.025464714981439873
40,0.015919340464634096,0.054522506424935946,0.028851704893892105
41,0.019774942680361823,0.07354349316138487,0.018996803276783162
42,0.02376758309464351,0.07212958084452328,0.02361512978926307
43,0.014538726994315184,0.05510120771210867,0.03029744609824348
44,0.01641557991371858,0.05428040088648279,0.028622074567351354
45,0.015397291836480375,0.05923223248799301,0.02444399173853023
46,0.023110813955632033,0.07183324074558237,0.02323574739292856
47,0.02378776874105117,0.0724760945989205,0.023902638763376477
48,0.023040517537564642,0.0723079885585038,0.024104641023139972
49,0.021849144991218986,0.07446463706104021,0.01859746883082311
50,0.014324489424730058,0.05491216798203246,0.030172642707584556
51,0.024591589629298128,0.07246847460724043,0.024632550615672336
52,0.020057272624906065,0.07381495762149884,0.01851717338821156
53,0.021498179085048284,0.07193164049237928,0.023709733734147462
54,0.019815853864003523,0.0736968408465647,0.019599607425968345
55,0.01970520348931697,0.0734768025880682,0.018977591131961114
56,0.02136700693064056,0.05001411695010288,0.024698319198969615
57,0.021211347524603893,0.07400368810409884,0.019050574759331137
58,0.013969222579406278,0.056033560588371535,0.029226253195141022
59,0.02000351054686033,0.07383826948167488,0.01860212444857113
60,0.02363825471075419,0.051536572222172686,0.02523045006372214
61,0.020181715214218483,0.07372867283729302,0.018694879714764183
62,0.0218548860498827,0.04939386096267716,0.02436542088563171
63,0.014263617185456353,0.057980937016549966,0.025505601181487834
64,0.01418625490795835,0.055486804642706486,0.030989962127948037
65,0.015202193524923375,0.05666637100241376,0.027117293313792097
66,0.024301058729198514,0.07145758455507237,0.024738371344772803
67,0.022360278505776092,0.04941536362703539,0.023444945639039105
68,0.02119440022657031,0.049595316423507806,0.02811545270366342
69,0.015230728947720375,0.059534826230113545,0.02719815024510085
70,0.013114765407641001,0.05343419060746553,0.029374475181356677
71,0.01960672441466128,0.07391048770657224,0.019041230239859003
72,0.021720409647110788,0.07219670496165088,0.022432522340129345
73,0.024994450817497883,0.07153490832673619,0.023477225503156427
74,0.022662501084914962,0.07246465241912434,0.024172976572232465
75,0.022077878705551827,0.04960642092341078,0.02797274148742323
76,0.02308128836403933,0.0722175299762559,0.02429439976118162
77,0.015429344904500392,0.0576373489096063,0.02711420731871673
78,0.013837100731965856,0.058013983277097184,0.02512512384639697
79,0.014505267908351183,0.054731112228198174,0.029658056598819666
80,0.01607011129581052,0.0560953088448679,0.030383847392281987
81,0.024274369981185828,0.07223269288598202,0.02487835202711868
82,0.01841464585802904,0.05535682137008497,0.029380918292717884
83,0.013696418460483771,0.054624443701810264,0.029300745674447955
84,0.02350442999831945,0.07252850655696302,0.023682730491181792
85,0.022150001104061248,0.05059236517685322,0.025978101427381346
86,0.02075973831407654,0.07373785811820556,0.019037001199856664
87,0.014850253015335093,0.05442000753069589,0.029391610542468676
88,0.013145036280953634,0.05920596710267247,0.027142638082702588
89,0.014632584672830306,0.05352022316163126,0.02981815893883573
90,0.01973238555836192,0.07367384962411869,0.01914614420235501
91,0.015420691266450055,0.05816289265767022,0.026507990797630245
92,0.022719959787681734,0.07477175775602923,0.018620092001497914
93,0.022756553389629484,0.07239535384677213,0.02464568883762642
94,0.02038497270519233,0.07217947245418241,0.023695823199563676
95,0.02141079851405082,0.04975081306104644,0.024986392509241083
96,0.020232575486415768,0.07383379482126211,0.01863829900281409
97,0.01546567799681603,0.060048541104279464,0.02618977448863427
98,0.019904106186384773,0.07355642291294756,0.0189842024426692
99,0.015068124050403874,0.05442663387024713,0.028773004147283458
100,0.016925394849249105,0.05479946355746526,0.028553740889532945
101,0.022487263160237816,0.0722487709536379,0.02368492500668353
102,0.021848457288599438,0.07443202524009489,0.018474417769404908
103,0.012767365315648756,0.059350456134917254,0.027840883745812076
104,0.014826141120319509,0.05897474656505883,0.02656385153601984
105,0.020261380378062063,0.07353892984293568,0.01916223532476714
106,0.02274802837292935,0.07228683992593135,0.024309607134317738
107,0.02436026656689735,0.05103428233959071,0.024889511686899467
108,0.013917656555281797,0.051321235221757945,0.02861647801829042
109,0.01396560784736291,0.05736918042674809,0.027684852391646992
110,0.014668280573857979,0.05561830832801683,0.027709007540144305
111,0.01595206042728634,0.05600587428239343,0.027740627834313244
112,0.014318350631631218,0.054107686192150575,0.03012803187651118
113,0.014420975810216926,0.05958662896810961,0.026406754941830146
114,0.020775890241965016,0.07169213277633985,0.0242145315264016
115,0.014651682680302982,0.058867448559267434,0.027222358936116672
116,0.015328563541629205,0.05483133888832983,0.03033055660633685
117,0.015228726028076922,0.059734243753598204,0.025341812022465084
118,0.022987599744381873,0.051536629378215314,0.024539728280616974
119,0.019673598002143262,0.07366483814349363,0.01876773806994143
120,0.01595835474887007,0.05950448571530395,0.025380975709428516
121,0.01516452619289868,0.05428352317426479,0.027354053177593377
122,0.016432322203647636,0.05337928538094743,0.029049710731055996
123,0.024435874436475866,0.05024635057817793,0.024495462582686044
124,0.013231697392786531,0.0585887575111204,0.02762547075098672
125,0.020218614208411083,0.07366082081731251,0.019140683282241788
126,0.014832478837295502,0.05354803466475005,0.025984151737705
127,0.02065167914004951,0.0735521261203088,0.018812972545719425
128,0.020231311314076277,0.07370361000923471,0.018938368400693108
129,0.01687365925336645,0.05432159215685184,0.02821649379186837
130,0.02194171113507328,0.04911132785359925,0.025387747269279608
131,0.013040990154461106,0.053027791911971336,0.027503446334978206
132,0.020335724449684133,0.07357186321208004,0.0190253765811288
133,0.020231689589810087,0.07369320157253921,0.019106541524195716
134,0.02172579239349083,0.050103226467555224,0.024440842471778242
135,0.016327239072823168,0.05316940688234687,0.027607868014306657
136,0.021793986344587714,0.07436811019353337,0.0185258639962831
137,0.02307707642388374,0.04804678813912218,0.02514562568002866
138,0.020726072323685063,0.04991668953886096,0.02433855476597588
139,0.013955028300575363,0.05396705162690964,0.02824900089675571
140,0.01731692691475469,0.07358719124463463,0.019041368689849666
141,0.02300666802252806,0.07221974363607601,0.02443693613211297
142,0.019006653015767254,0.07400637027538035,0.01879445800148763
143,0.021251476173094922,0.04954737810107001,0.025057261190967888
144,0.016353530835130074,0.05449536494662026,0.028749624307836216
145,0.016532004854490717,0.05920200879582485,0.025323481387750285
146,0.020101305943053205,0.07367323762257337,0.018798729954310815
147,0.015662043737983695,0.05836921038251621,0.025993363912210216
148,0.01623984377104265,0.056454267601854353,0.025756136781345813
149,0.02124918281858843,0.050083157982544695,0.02447717026574948
