,s2,s3,s4
0,0.0019325690252326626,0.00714184705328795,0.0034297825675764643
1,0.0019182231728723383,0.007149190479624508,0.003440237165936148
2,0.0019246212988454682,0.007164276435557957,0.003436327470031552
3,0.002274479716125621,0.009231505427984335,0.002516472585476565
4,0.0020877441063099126,0.0071051792267946045,0.0033850208631934935
5,0.0028243698194176767,0.008554502339300902,0.0032068554248745416
6,0.0027749942906895595,0.008563405732644927,0.0031955313007531634
7,0.0019190863268348348,0.0071207436756771875,0.003521526335337299
8,0.002300747466613895,0.009220516163759117,0.0024959296946869955
9,0.002647458988865857,0.008549889965138528,0.00319500697316628
10,0.002581426649157204,0.0070114631125064815,0.002927654552605889
11,0.0026393776515172425,0.006996738954601034,0.002856755012329942
12,0.0026583702275722937,0.0085447924136722,0.003132601750917074
13,0.002683120676169667,0.007040458932651215,0.0028924726569034857
14,0.002589187615030793,0.008569423895874728,0.003186623945981978
15,0.0021331484520282487,0.006681338631120177,0.003315966302880129
16,0.0019272007217276512,0.007140400803490972,0.003453289990723144
17,0.0024523036131453273,0.00923150439707898,0.0025047972462063565
18,0.0019365321115165045,0.007205465041091655,0.003504189136730565
19,0.0022889481625441212,0.009220314134454377,0.002505757260841304
20,0.002238179883404621,0.007041536332785056,0.0032431927318559138
21,0.0023154337874206096,0.009226142665007469,0.0024987793486901566
22,0.002650243118777964,0.008547163184339283,0.0031346336648145827
23,0.0018770273148140954,0.0071341464334696595,0.003474493033159553
24,0.002292664636339172,0.009230060687098623,0.0025335154172780867
25,0.0025088690871227773,0.0070095526707537855,0.002876899706314845
26,0.0023692527193851644,0.009225477696805373,0.0025002649343029387
27,0.002602337560464588,0.007006100038754482,0.0028342453073792627
28,0.002437282021577344,0.009234670867217128,0.0024995174244281126
29,0.00262648062185316,0.008545870309589164,0.0031674553671596235
30,0.0021705584606904913,0.006498623137941894,0.003384057373886671
31,0.0023709757263517543,0.009225702687218626,0.0024947908669597277
32,0.0019033198410066724,0.007145248746130296,0.0035147436391208776
33,0.0025955481140212586,0.008560251154120548,0.003191423136027672
34,0.002105772390799534,0.006534652765821912,0.0032433091503718597
35,0.002577318945255465,0.008559613535659621,0.003159149562865007
36,0.0026604445960245865,0.008554630513674078,0.0031046908743310466
37,0.0020539695526234133,0.006679120561514531,0.003395211201203842
38,0.002028842427950631,0.006607832592655915,0.0033360281435380838
39,0.0021486593864193815,0.006682470746688674,0.0033261381807555366
40,0.0020739669339014063,0.006542381663711341,0.0031518075449047107
41,0.002289567049686441,0.00922466400342816,0.002499698637064134
42,0.0026586460821407813,0.008563807149128098,0.0031918662964735183
43,0.0019740494385047814,0.0071602233167303965,0.0034811128939511195
44,0.0019207735080534873,0.007154163045347318,0.003470420856015909
45,0.002117043164081775,0.006706408459518027,0.003287410098853463
46,0.0026247776094238456,0.008560696831300623,0.0031629945011392505
47,0.0026604495135364786,0.008548330086900003,0.0031288204386314775
48,0.0026722959546869613,0.008549401776655545,0.0031394605366886702
49,0.002419938653085785,0.00923386743821286,0.002503629412737216
50,0.0019584908541138268,0.007158255710887121,0.0035184438100581534
51,0.0027485351351292705,0.00854431861989273,0.003134562086350081
52,0.0022955139855030796,0.009228209870742382,0.002490513094797375
53,0.0026751929279814706,0.00852785169700182,0.0031184969136503235
54,0.002308448218527178,0.009217516858974704,0.002545654169485242
55,0.002307971620358103,0.009221725717876219,0.0025160308628665385
56,0.002526724912339038,0.00700697840932506,0.002836744334419674
57,0.0023829740202617107,0.009230538372291767,0.002522705210677528
58,0.0020349186108015865,0.006582983967762537,0.003171265674794547
59,0.002305257291637838,0.009232123124838508,0.0025020354797855152
60,0.0026216646694873016,0.007035705489872313,0.0028903044208267573
61,0.0022874048840868092,0.009224647103836518,0.0025243782955318233
62,0.002632132635637363,0.006970280207260507,0.002900543929538323
63,0.0021200205856548304,0.006670430644426473,0.0033239103244034718
64,0.001896334608507864,0.007151498373444764,0.0035529658137237823
65,0.002123988986650194,0.006583383947270708,0.00333060568369183
66,0.002793366606552682,0.008558082359644672,0.0032201242515572616
67,0.002595841943944948,0.006982554766999533,0.002829881196724022
68,0.002300786320711492,0.00701986587471157,0.0032004049839149257
69,0.0020564888272620583,0.006713330723297373,0.0033577695482900315
70,0.001845488378296071,0.007120803353446716,0.003553625138984059
71,0.0022543273939783304,0.009221886133231256,0.002526195676181599
72,0.0026016477522481083,0.0085892332297253,0.0031759407076314993
73,0.0028457684322024082,0.008568221088525455,0.0031655830111395793
74,0.0026294131938708336,0.008552006769971546,0.0031125259418446
75,0.002324888893772763,0.0070205241701100105,0.0031799979621837575
76,0.0026556087242797792,0.008544436220893006,0.003126260885507659
77,0.002156741130757522,0.006590712027523532,0.0032965022117846104
78,0.0021541121332307295,0.006593246261154257,0.003216735356885367
79,0.002027534925202787,0.007097357883881064,0.0035915726645091755
80,0.0023089871562862493,0.006517238303374966,0.0032327711690445775
81,0.0027629627893394253,0.008590888124852328,0.0030871720717752455
82,0.0020896880460981844,0.007154735633482778,0.0034339480991999742
83,0.001866045540051897,0.007151613539670913,0.0034948039279601405
84,0.002654180515092337,0.00855753934360879,0.003135732378092191
85,0.0025028853063321843,0.006996590323675593,0.002957045617705398
86,0.002359843781250148,0.009215547926073682,0.0025306697137809833
87,0.0020395022053259215,0.007117515615072767,0.0034557089478379818
88,0.0020012454788888153,0.006671953072003143,0.0033350339579750385
89,0.0019059402973784054,0.007176848299424398,0.0034754732321138405
90,0.0022911678735810658,0.009220088300180453,0.0025260488049926575
91,0.0020551279549703874,0.006674132051404397,0.0034035237297080504
92,0.0024502305934828413,0.009232474205391769,0.0025043073951598518
93,0.0026681998673768865,0.00854444098768376,0.003149218990372935
94,0.002598849187932286,0.008557755046861003,0.0031257162256946016
95,0.002528091198494833,0.0070049738984230255,0.0029099419955681727
96,0.0023015950673371194,0.009231217308396376,0.002504599252143211
97,0.002093992466480709,0.006733802257619143,0.0033343541297188193
98,0.0023015763567592407,0.009218012227818484,0.0025216115294103996
99,0.0018917158761441648,0.00712609518055462,0.0035031996889153365
100,0.0019010125769106244,0.00715212549477627,0.0034746588959181945
101,0.0026422964990427595,0.008548768130946722,0.0031025948921937665
102,0.002420585649917818,0.009232289223515896,0.0025116886725133716
103,0.001972159542848934,0.006617391083360229,0.003407994834223107
104,0.002010371431574682,0.006729520165174599,0.003318157812621317
105,0.002322588062511992,0.009225427721926121,0.0025330401484572078
106,0.0026319825455357647,0.008541018895669708,0.003137305147810128
107,0.0026931493296451347,0.0070046582915474455,0.0028266024016734004
108,0.0019996628908846943,0.007003234949209982,0.003182579492152067
109,0.002095845262580871,0.0066424121596752985,0.003255973123515425
110,0.001994045660069109,0.006577650812927272,0.0031972632506880724
111,0.0020156702724075295,0.007158902490388168,0.003574945420950454
112,0.001885735748648725,0.007172084171388743,0.0035327596442895673
113,0.001998081972850105,0.006618942169530353,0.00324814334859846
114,0.0024976724296078504,0.008580108356235008,0.0031953797890719804
115,0.0020689734361119686,0.006657710112745526,0.003260921403425508
116,0.0020689450106205626,0.00715143382119625,0.003589613240738599
117,0.0021521048630360608,0.00672385613660883,0.003308320273758485
118,0.002696896968741193,0.007055814420046795,0.002797754925556874
119,0.0022790797980535007,0.009216356699957469,0.0025014043752726238
120,0.002175667950124647,0.006733682392863888,0.003326861108782639
121,0.0020084157959315415,0.007125810460662697,0.003324303812097617
122,0.002024388815359087,0.007116415129736376,0.0034314624040604515
123,0.002668228370584188,0.006987284655044809,0.002866177345840456
124,0.0019339589431012097,0.006692669056282816,0.0032785771883668048
125,0.0023378166356500907,0.009220192621275512,0.0025226959577564975
126,0.0019545500580709584,0.0071376433476459675,0.00330621626283329
127,0.0023314763942105746,0.009229575324752848,0.002533514508259587
128,0.002314741478220467,0.009225333292715791,0.0025431823656103495
129,0.0019069475689819694,0.007141672560577531,0.0034611271374484325
130,0.0025950358999995648,0.006994254609800986,0.0028674456735483978
131,0.001794409946698822,0.007104965356444446,0.003401116356976748
132,0.002325590370010715,0.009219578471178588,0.002522180988950564
133,0.00231643763975014,0.009224405583041582,0.0025133606377703782
134,0.0025252926688279723,0.007017677641008471,0.0028584852586258066
135,0.0018913190426470073,0.007064895323869194,0.0033275896847407434
136,0.002418533489259972,0.009234213290631343,0.002504583609243712
137,0.002685145785581309,0.006956850008803085,0.0028815104966125747
138,0.0025250945081730235,0.007012370183666231,0.0028461069380674576
139,0.0018643185357660858,0.0071459938281317435,0.0034109427703477545
140,0.002182863694635332,0.009235960616981025,0.0025090756604859723
141,0.0026460832738557445,0.008545770736012622,0.003137762802457214
142,0.002276570194125739,0.009237392028700877,0.0024731682189100624
143,0.0026133214107371162,0.007010474935223195,0.0028631855773704976
144,0.0018893139075968344,0.007135148504054006,0.0034705329264968035
145,0.0021797684546599467,0.0067111731981712485,0.003320494256185397
146,0.002318722296757012,0.009226835603793183,0.0025061321400190436
147,0.0021180476045301326,0.00669359492232871,0.0034100984193535843
148,0.0021556564144992216,0.006599795658326344,0.003236155806347985
149,0.0025541032982376068,0.0070097692052651095,0.0028486065951451394
