,s2,s3,s4
0,0.00013927905043023572,0.0003269467749448719,0.00017249366920023783
1,0.00015046121808588259,0.00033020168269575254,0.00017032325078488345
2,0.000149302705917093,0.00035938805837159855,0.0001749634197177058
3,6.30702916255638e-05,0.0003408504181004552,0.00012041953497524069
4,0.00015579532277424095,0.0003199972602632579,0.00013877149480235652
5,0.0001690913658569347,0.00017587054118532166,0.00026595343569946704
6,0.00017702820666544092,0.00019284687704545998,0.00026035690636898404
7,0.00014776616593912333,0.0003336100907002538,0.00017329267741128385
8,6.341334547209322e-05,0.0003205172893340309,0.0001276411093195214
9,0.00019144678710506,0.00019214332986246322,0.00025053209286486107
10,0.0002074557420319142,0.00027856983861400305,0.0002501822044657668
11,0.00021797767844606672,0.0002784384856886781,0.00024935079594280886
12,0.0002036707968741412,0.00018098618238834887,0.0002489737016004889
13,0.0002090764726291662,0.00029500163826120575,0.0002536275698329438
14,0.00020415752303320857,0.0001803226855107097,0.00024852930640913596
15,0.0001174860100273879,0.00025580399908167934,0.00016432830600465306
16,0.0001430054271689933,0.0003361081610133951,0.00016363376840498357
17,6.438088322085176e-05,0.00033056820813232675,0.0001309773090985487
18,0.00015256990895082178,0.0003305419881503232,0.00020469896104474363
19,6.149621957852935e-05,0.00032195964145569837,0.0001261166688118646
20,0.0001345578108878955,0.00031396038612562535,0.00016919272975094677
21,6.324615964229553e-05,0.00032097858165104577,0.00012835203680295484
22,0.0001940038932942051,0.0001776577496545642,0.00025009939332205325
23,0.0001492548642475894,0.00032462250665152905,0.00016848106310292187
24,6.728645844181982e-05,0.00033348722093389665,0.00013377157087581426
25,0.00021489177624835342,0.00029387205105241195,0.00024820757139188613
26,5.5629181980329364e-05,0.00030482287342301447,0.0001339348622768738
27,0.00021084253414973785,0.0002996017503498524,0.00023679287714929576
28,6.00305051083183e-05,0.0003243693874416883,0.00013368403088323766
29,0.00020291102859383258,0.00017294925707102897,0.0002548475261763775
30,0.00011553916187906508,0.0002990120968401865,0.00018000161371761137
31,6.719854133970553e-05,0.00029303967033332795,0.00012817322831092264
32,0.00013621125892786945,0.00036821125866121914,0.0001674253127206652
33,0.00020650654211716937,0.00017653650821515847,0.0002554591582820539
34,9.239038058988348e-05,0.00024855824275511567,0.00012899846811831789
35,0.00020084653137578213,0.00017646926965966922,0.00025158648034461514
36,0.0001962511558714313,0.00018052528954176967,0.0002423165930283805
37,0.0001301744830479232,0.0002565159783742224,0.00016626961828321375
38,0.00012311339418515885,0.00028898597286902103,0.00016527259794141562
39,0.00011106093381484939,0.0002627545664871781,0.00017151817391559518
40,0.00016021479842886273,0.00024918397553686867,0.00015825182076878853
41,6.416419008271044e-05,0.0003254168607908112,0.00012201416966153153
42,0.00020091594643400064,0.00017900576617959515,0.00024860192868187786
43,0.00015854416032949783,0.0003710948485024248,0.00017574125554706548
44,0.0001560434598486082,0.0003269258689325453,0.00017856551879450805
45,0.0001161252538296023,0.0002670246827163,0.0001723694101518358
46,0.00020325853404130323,0.0001844594470492562,0.0002441880749179914
47,0.00020915700498051122,0.00017465560473573695,0.0002478259949082287
48,0.00018628851138050985,0.00017676193739281932,0.00023818638290766268
49,6.104557668539887e-05,0.0003148823751067549,0.00013809064203864564
50,0.00015201363722486494,0.0003644230963034772,0.00017401758928158614
51,0.00019002649568638895,0.0001815824444685207,0.0002556137947577135
52,6.206411804810746e-05,0.00032476168060431587,0.00013106906614340368
53,0.00021095327238950862,0.00020918420682120768,0.00025478595670831597
54,6.712924624714888e-05,0.0003204307345226576,0.00011921718760617671
55,6.118567476840442e-05,0.0003221591285275514,0.00012854058480035532
56,0.00021643071344330743,0.00028526482749421987,0.00024801189353231565
57,6.687092620982784e-05,0.00031773147428093004,0.00013491040982486165
58,0.00013493243532679974,0.00027978513961548774,9.980599707597773e-05
59,6.130827058405746e-05,0.00032183778813458494,0.00013909369594676465
60,0.000213428567558542,0.00029737928036598576,0.0002515832943873404
61,6.339972078980163e-05,0.00033149034897358363,0.00012956274819097733
62,0.0002262172405873903,0.0002931101551276674,0.0002480266147210931
63,0.00011751525247327201,0.0002654240222512767,0.00016136642030312344
64,0.00015095480049673478,0.0003628184621833511,0.0001757339817312132
65,0.00012118426023839627,0.00025593307975437055,0.00016024208799139623
66,0.0001661099549118443,0.00019621791877203192,0.00026772066776502783
67,0.0002052014235855789,0.00029697976524613323,0.0002535767891797256
68,0.00013589210926153185,0.0002914477403048189,0.00015977955896914837
69,0.00011955439613686631,0.0002775556982530597,0.00018545072621157867
70,0.00015713000664230856,0.0003175540070439077,0.00018946686328625488
71,7.00140814358574e-05,0.00033417815790903326,0.00013032700943685954
72,0.00021607236549715315,0.00018429685664514276,0.00022551401170537426
73,0.0002001030384719501,0.00017799896556390315,0.0002560369844339102
74,0.00019706247449023266,0.00017235658613056108,0.00024012114301392057
75,0.0001364646403049537,0.0002908558629893459,0.00017631297802479524
76,0.00020077204040464382,0.00017639631994663212,0.00024553213193695606
77,0.00010984502994150482,0.00029014937760217806,0.00016905513883247263
78,0.00011527426622157353,0.000272607011717131,0.00017282176923044527
79,0.0001877292665018986,0.00031692571290415554,0.00017304400400906832
80,6.435124217707173e-05,0.0002737735043980647,0.00012930353229954262
81,0.00019015799535190137,0.0002132986772220275,0.00024389467514407783
82,0.00013952784912291575,0.0003189573007210192,0.00018575888989350682
83,0.00018497919682311994,0.0003351053561116116,0.00021986191015641534
84,0.0002039274405100547,0.00017874814409299888,0.00024538627867709485
85,0.00021809034441777847,0.00028680094167071924,0.0002498519068170735
86,6.588839548148284e-05,0.0003246829066989688,0.000123468514721393
87,0.00013467676573377968,0.0003623829536138573,0.00017702436776091215
88,0.00012848755343534735,0.00027447013089217396,0.00015298665418212378
89,0.00017287061221633746,0.0003528595018120316,0.0002183041660618664
90,6.804578032431178e-05,0.00030905592381809903,0.00012267422620314597
91,0.00011957470787924675,0.0002592788770260413,0.0001597140318974918
92,6.302476258174352e-05,0.0003102745211226585,0.00013282132576078454
93,0.00019982765684793026,0.0001817899663886378,0.0002546210340515205
94,0.0001904812075448879,0.00019339573815455906,0.00024772791480807965
95,0.00021809837093712117,0.0002930388656023095,0.0002553132473702413
96,6.222924746777163e-05,0.0003323164595404807,0.000138183029869999
97,0.0001120357900502347,0.00026638090569743825,0.000164075390541188
98,6.541514932253342e-05,0.00032198986650131564,0.00012019738949915662
99,0.00014438300628162812,0.00035352642778839764,0.00017651706746086407
100,0.00015386048666081464,0.0003562094980714221,0.00016412505520572602
101,0.0001933113516698874,0.00018236202087617854,0.00024667965276656777
102,6.376549427311328e-05,0.00030366495467012636,0.00014044007540536062
103,0.00011061545249534017,0.0002944254041909919,0.000160624536927199
104,0.00011508765723180235,0.000299944671156023,0.00018828941902145134
105,6.959420216780837e-05,0.00032688824338436085,0.0001309095390609327
106,0.00019901044035264997,0.00017769297525679667,0.00025097747119530347
107,0.00021049028965816854,0.0002960593598189408,0.0002420408376870702
108,0.00016300807880669692,0.00029853676471601313,0.00015432915513863139
109,0.00013595874001386747,0.00026049818480612056,0.00015451166992305786
110,9.936853850110733e-05,0.00026481223195766224,0.00013296877690017507
111,0.0001507174311216181,0.0003204355387810509,0.00016751261608113655
112,0.0001567069225621274,0.0003428659219628018,0.00020313229556753702
113,0.00011631610462372882,0.00029273927480970134,0.00016855662163970544
114,0.00018464078131256008,0.00018638603909356058,0.00023418862333772492
115,0.00012296247247707976,0.00026530550061382396,0.00017031617167399143
116,0.00014599187286447064,0.00035114956622403937,0.00018931161901475455
117,0.00012104943921765346,0.00026104772162839596,0.0001686223089551017
118,0.0002720290594875721,0.0002900500787215803,0.00023060640681962755
119,6.149517260943977e-05,0.0003167147289245908,0.00012442938155621117
120,0.00012253666361896888,0.0002603858051424879,0.00018815190381523395
121,0.00019299665012954638,0.0003343515117595059,0.0001393478820309625
122,0.00013034417160913596,0.00033456190777127307,0.0001558991558660457
123,0.0002090111947886074,0.0002950798045624557,0.000240704275997327
124,0.00011684148842737141,0.00023784655420454846,0.00015616467314297312
125,6.337462581533126e-05,0.0003249823619067908,0.00012612180139980408
126,0.00014937227947181246,0.00031374049103761537,0.0001617862761221426
127,7.262971023083793e-05,0.0003397193751341101,0.00013336296563903817
128,7.102130326191726e-05,0.00032626172743825834,0.00012807952498971722
129,0.00014676623959319478,0.0003369914997093018,0.00016364051626104772
130,0.00020799268686293998,0.0002799649492993296,0.00025153852779443174
131,0.00015561640705899306,0.0003316332650904637,0.00012711448498044814
132,6.719954613197377e-05,0.00030730247577546554,0.0001229050364269604
133,6.766284954778161e-05,0.0003303991814091923,0.00012650739932352839
134,0.0002151973313745474,0.000300575076313783,0.00024609314634241515
135,0.00015645568687113815,0.000309260912715161,0.0001695829004609664
136,6.071762608014178e-05,0.0003016794297248826,0.00014076978097904674
137,0.00021558114596505228,0.0002803593737750861,0.00024417544439537256
138,0.00022115755500999219,0.0002889416118222736,0.00024513163225041836
139,0.00013935126872682168,0.0003222475344905469,0.00014711348150467263
140,5.498503298759715e-05,0.00033494907250766206,0.00011664112885746296
141,0.00020077106946383703,0.0001825970869385385,0.0002454469732732841
142,5.4555133120115424e-05,0.0003017557960261801,0.00012322004696628614
143,0.0002090756216808976,0.00029001783272175196,0.0002417377497492042
144,0.00014582676055828223,0.00033500873594688885,0.00016737576270577792
145,0.00011701022247171438,0.0002561888562274817,0.00017067997362626167
146,6.499286822854439e-05,0.00032538760007854665,0.00013703354125496218
147,0.00012829297680489254,0.00027841753942956405,0.00016336724430787494
148,0.00012443105504084307,0.0002526903671410345,0.00017513638800408508
149,0.00022623812547318677,0.00029507429225773693,0.00024232246560502226
