,s2,s3,s4
0,0.0007479792014437619,0.0025860271220614723,0.0011327320289761399
1,0.0007555027503554764,0.0025881917462940367,0.0011285135441600638
2,0.0007632937446586314,0.0026042336079051104,0.0011369198859053162
3,0.0007590270375382596,0.002871233638706067,0.0009083185890878269
4,0.0007446411979053615,0.0025209839180793357,0.0011141338995485596
5,0.0009137816378377344,0.002733633820190573,0.0012079596909912809
6,0.0008819237891235053,0.0027632580815654503,0.0012002874516114151
7,0.0007280771025561791,0.002581771792055596,0.0011508951138600202
8,0.0007613901301136913,0.002865987206769028,0.0009113970581512821
9,0.0008899817937096694,0.0027564099925491887,0.0011988952949100913
10,0.0010000520801152412,0.0025204249806469146,0.0011951660809717032
11,0.0010220440830205992,0.0025138208884027922,0.0011676354488289963
12,0.0009221756564312363,0.002721754669131655,0.0011639071754147342
13,0.0010117068236807358,0.002541994253699163,0.0012270743487907874
14,0.0008934135616347924,0.0027506667200582996,0.0011779318446665965
15,0.0008428922861128025,0.0023845242548107995,0.0010905312899205238
16,0.0007402262654674108,0.0025596262983587836,0.0011274077914472669
17,0.0007937303872817074,0.0028578459783499266,0.0009161476413538049
18,0.0007558307369295902,0.0026256625694556527,0.0011845053273458986
19,0.0007587447558600554,0.0028682089010647676,0.0009122642241159252
20,0.0007659299796444633,0.002558033802086884,0.0011111785424349758
21,0.0007668813706058766,0.0028650403291235927,0.0009159227293595472
22,0.0009185517127710719,0.0027254557059382565,0.0011639410097397096
23,0.0007352823152139966,0.0025734526441490114,0.0011344548239328107
24,0.0007692312634452484,0.0028937510878727702,0.0009235420950465536
25,0.000994132779717457,0.0025122008387109705,0.001179795922403913
26,0.0007734000624281903,0.0028653970791401285,0.0009198651202618667
27,0.0010081718306724535,0.0025119733956634593,0.001163760164418872
28,0.000789207750692445,0.0028606029236534322,0.000921171665720754
29,0.0009018428407373575,0.002732541061452058,0.001182005046016914
30,0.000803028184453334,0.0023995998945405923,0.0011342616061516613
31,0.0007788176267715784,0.0028625149028992975,0.0009114892831475996
32,0.0007126479943953698,0.0025697252226646516,0.0011632923872926801
33,0.0008915178894781137,0.002745894109095848,0.0011883757661125974
34,0.0007120166695449117,0.0023600273315003578,0.001011643372446417
35,0.000906042778804058,0.0027399510019880955,0.0011750840877288887
36,0.0009234851033597759,0.0027326907261489447,0.0011555804161980344
37,0.0008072683755285169,0.002429632610889607,0.0010906815200790545
38,0.0008082787414019472,0.0023759712081792856,0.001082635796306407
39,0.0008420423694894931,0.0023853253470954043,0.0010920991886763341
40,0.0007839421038882741,0.0024289509822926895,0.0010530176548907567
41,0.0007655377829665679,0.0028733032906193986,0.0009057490428695253
42,0.000905365720556815,0.0027421796270758764,0.0011803941628484116
43,0.0007389459918553019,0.0025806901586376543,0.0011443403903646768
44,0.0007562967025685968,0.0025867685335353393,0.0011413729309316415
45,0.0008350144069616285,0.002399424850971333,0.0010996043219320569
46,0.0008945656583542475,0.002756166408554118,0.0011783144367670069
47,0.0009218093388797033,0.0027236729428284923,0.0011670973920361904
48,0.0009193009117475718,0.0027279551596315886,0.0011598942575090554
49,0.0007844317375358453,0.0028615533288711714,0.0009261176095224736
50,0.0007241993192237552,0.0025672233010256883,0.0011636461845491717
51,0.0009253048224238279,0.002728096244185567,0.0011729489883207512
52,0.0007591951028606266,0.002876730640506054,0.0009127409981405328
53,0.0009223903706002098,0.00274289210485013,0.0011762771572188541
54,0.0007736057114032743,0.002864246827869048,0.0009140736995348571
55,0.000764195271293153,0.0028665653791670265,0.0009137451483947874
56,0.0010024461835561255,0.002516554397804807,0.0011626395169672924
57,0.0007808101742661532,0.002870840996668766,0.0009212115065687672
58,0.0007412773710350179,0.0023996648943479895,0.00100834584812258
59,0.0007604942529443581,0.0028864553176829095,0.0009217324480598957
60,0.001004622124211715,0.002526120364188694,0.0012264717103590683
61,0.0007593730191585829,0.002880978791222993,0.0009151045564770436
62,0.0010255962120986706,0.002536679298026366,0.0011905982939513905
63,0.0008440154551450745,0.002397310294124718,0.0010965631646532605
64,0.0007216922610564042,0.0026224492415122505,0.0011742837334896394
65,0.0008279035423640542,0.002392358621494498,0.0011073053781842474
66,0.0008775930996886852,0.002763575010148243,0.0012129002057664493
67,0.0009980288308091443,0.0025257199112641345,0.0011963000202054477
68,0.0007660513010534542,0.0025267249783068545,0.0010984813260218344
69,0.0007780924096201183,0.002426026847868831,0.0011161792535740026
70,0.0007312899977689395,0.0025446401137449825,0.0011744763965764943
71,0.0007598700573855621,0.0028659822878667504,0.0009147226215056384
72,0.0009117605197120498,0.002779024007925812,0.0011686296186044932
73,0.0009156024889365387,0.0027608984803494693,0.0011948128593210696
74,0.0009141623024350943,0.002725514934497511,0.0011535238371719943
75,0.000765857499097457,0.0025236978483376363,0.0011060518337065739
76,0.0009287795566148114,0.0027196253173652728,0.0011612253244933897
77,0.0008181342741887933,0.00242414651175232,0.0010857619039035917
78,0.0008320156385358991,0.002384378899968496,0.0010654871549602687
79,0.0007919762594720051,0.002508291644522491,0.0011556096675515604
80,0.0007483709540374338,0.002400480740347934,0.001013161588569122
81,0.0009146533514335986,0.0027807286523899763,0.0011548473865132525
82,0.0008059490182742509,0.00258029107047397,0.001128188606345694
83,0.000735607137223657,0.0025975975294464087,0.0011921420942104521
84,0.0009196868966708935,0.0027327086779453443,0.0011717066116108757
85,0.000993963755703725,0.0025345852123739364,0.001249567822674847
86,0.0007796215795080354,0.0028633807615211122,0.0009111447680868836
87,0.0007704856909292785,0.002561031656097454,0.0011608867587772267
88,0.0007997591087384135,0.0023835434759733754,0.0010732842706367312
89,0.0007611039358369973,0.002612559941394297,0.001192561828763711
90,0.0007685114332883174,0.0028687049997925015,0.0009115841761806136
91,0.0008218679152506869,0.00241010972824432,0.0011100200285280688
92,0.0007919881309818153,0.002855291955310374,0.0009161561088367398
93,0.0009147581400912936,0.0027231498630276817,0.0011746819563838537
94,0.0008895747805668274,0.0027571224873966407,0.0011646422687768216
95,0.0010087667866072916,0.002515359149431775,0.0011998329401103282
96,0.0007611591072051012,0.0028839013921637935,0.0009208902181414984
97,0.0008208765785418323,0.0024134943576012992,0.0010936074755352
98,0.0007663672481574732,0.002871182814896413,0.000910362051570092
99,0.0007294116803520346,0.0025640798151621686,0.0011486984685819793
100,0.0007558146767553516,0.0025856965447268484,0.00114149771470628
101,0.000919665892485572,0.0027313644016833485,0.001161423909110158
102,0.0007868969522811505,0.002854844364132583,0.0009257800092974242
103,0.0007435958913060362,0.0023900266786134375,0.001124946212345697
104,0.0007975322541498444,0.0024062232670547397,0.0011222274137782785
105,0.0007750724641341066,0.0028745919679850967,0.0009206821877251897
106,0.0009159698146101299,0.0027220486792086155,0.0011678293445188308
107,0.0010080334978726092,0.002539887780534626,0.0011786151564158265
108,0.0007147880621727328,0.002537247393264736,0.0010680528703903007
109,0.0008036081949416556,0.002396812386291497,0.001052645290910855
110,0.0006954650205238551,0.0024035593116766897,0.0010658309843910425
111,0.000790114264058438,0.0025401685325431174,0.0011729079213720927
112,0.0007614968577178451,0.002615712148378027,0.0011899937693606647
113,0.0007601955702197075,0.002369157529274971,0.0010829608658727563
114,0.0008777569378899922,0.0027615488955270895,0.0011631590013960326
115,0.0008161598562347116,0.0024175344249986507,0.0011076008739651757
116,0.0007660182529656866,0.0025750878300722967,0.001183364837181232
117,0.0008519536042039059,0.0024068851911841476,0.0010920000769483727
118,0.0010301628925650835,0.0025114692538086895,0.0011441298777224828
119,0.0007568380301329306,0.002868473989600925,0.0009100069277513395
120,0.000857297600705815,0.0024360286557421774,0.0010952779855987042
121,0.0007839068203212012,0.0025565996984754477,0.0010900983795557222
122,0.0007627572550174712,0.002524024038433124,0.001125483851067934
123,0.001012844810778342,0.002524418346713473,0.0011851691823925629
124,0.0007945487327980967,0.0024113195132642604,0.0010622432882929325
125,0.0007732650977394023,0.0028728970429563586,0.0009148883489814099
126,0.0007204409532611865,0.0025759944752825584,0.0011198254516160007
127,0.0007778934261937039,0.0028870620511365886,0.0009213330559398271
128,0.0007715331157407087,0.002877495591345018,0.0009263296409048905
129,0.0007473799420936267,0.0025826169500480613,0.001127973318692727
130,0.0010014298944261957,0.002522406900133093,0.0011856782936835312
131,0.0006828071734132127,0.002528601964860529,0.001096366346725952
132,0.0007744301655402355,0.0028673355396092687,0.0009103403834545532
133,0.0007732996818334275,0.002873116451716621,0.0009162250641683911
134,0.0009905747870349267,0.002520166388305017,0.001177794329907673
135,0.0007451961018126963,0.0025176258398679962,0.0011176053775495919
136,0.0007837298355628134,0.0028573402769879225,0.0009256087239096001
137,0.001016574211826975,0.0025177525291055487,0.0011688197282284905
138,0.001000798060495005,0.0025161004204332284,0.0011752871734299355
139,0.0007178757703803853,0.0025662323364081287,0.0011177506866190253
140,0.0007344106099190828,0.002885594578452291,0.0009042577741891995
141,0.0009174006095360555,0.002725519651044139,0.0011641316808630763
142,0.0007542314990510202,0.002884176266976787,0.0009062010297923573
143,0.0010041753141045782,0.002522408094131885,0.0011720186031678767
144,0.0007468609277149022,0.002572993194892597,0.0011388224150494202
145,0.0008520139224341337,0.0024221344142460527,0.0010976973733777071
146,0.0007706039386311591,0.002874230985820088,0.0009229611208457854
147,0.0008273158227204753,0.0024491187279947237,0.0011120460515348118
148,0.0008264197489724906,0.002391034265378512,0.0010812790541501513
149,0.001008372132061233,0.002518565503684131,0.0011629123278735407
